{
 "cells": [
  {
   "cell_type": "code",
   "execution_count": 4,
   "metadata": {},
   "outputs": [],
   "source": [
    "import pandas as pd\n",
    "import matplotlib.pyplot as plt \n",
    "import seaborn as sns\n",
    "from sklearn.linear_model import LinearRegression\n",
    "import scipy.stats \n",
    "from scipy import stats"
   ]
  },
  {
   "cell_type": "code",
   "execution_count": 5,
   "metadata": {},
   "outputs": [],
   "source": [
    "team = pd.read_csv(\"Team Data 2019 - Sheet1.csv\")\n",
    "opp = pd.read_csv(\"Opponent Data 2019 - Sheet1.csv\")"
   ]
  },
  {
   "cell_type": "markdown",
   "metadata": {},
   "source": [
    "I wanted to know which team stats correlate the most with winning percentage in the NBA. For this, I used the 2018-19 NBA season. The 2019-20 season had the lockout and bubble which could’ve skewed the data, the 2020-21 season was shortened, and the 2021-22 season is in progress. The 2018-19 season had the most games to work with and no global pandemic to possibly disrupt the data. To find these stats, I went to basketball-reference.com and gathered all the team stats for that season and put it into a csv file. I also did the same for teams’ opponents’ stats to see if there was also a correlation."
   ]
  },
  {
   "cell_type": "code",
   "execution_count": 28,
   "metadata": {},
   "outputs": [
    {
     "data": {
      "text/html": [
       "<div>\n",
       "<style scoped>\n",
       "    .dataframe tbody tr th:only-of-type {\n",
       "        vertical-align: middle;\n",
       "    }\n",
       "\n",
       "    .dataframe tbody tr th {\n",
       "        vertical-align: top;\n",
       "    }\n",
       "\n",
       "    .dataframe thead th {\n",
       "        text-align: right;\n",
       "    }\n",
       "</style>\n",
       "<table border=\"1\" class=\"dataframe\">\n",
       "  <thead>\n",
       "    <tr style=\"text-align: right;\">\n",
       "      <th></th>\n",
       "      <th>W/L%</th>\n",
       "      <th>FG</th>\n",
       "      <th>FG%</th>\n",
       "      <th>3P</th>\n",
       "      <th>3P%</th>\n",
       "      <th>2P</th>\n",
       "      <th>2P%</th>\n",
       "      <th>FT</th>\n",
       "      <th>FT%</th>\n",
       "      <th>ORB</th>\n",
       "      <th>DRB</th>\n",
       "      <th>TRB</th>\n",
       "      <th>AST</th>\n",
       "      <th>STL</th>\n",
       "      <th>BLK</th>\n",
       "      <th>TOV</th>\n",
       "      <th>PF</th>\n",
       "      <th>PTS</th>\n",
       "    </tr>\n",
       "  </thead>\n",
       "  <tbody>\n",
       "    <tr>\n",
       "      <th>W/L%</th>\n",
       "      <td>1.000000</td>\n",
       "      <td>0.526213</td>\n",
       "      <td>0.610524</td>\n",
       "      <td>0.484206</td>\n",
       "      <td>0.541594</td>\n",
       "      <td>0.068675</td>\n",
       "      <td>0.600812</td>\n",
       "      <td>0.129135</td>\n",
       "      <td>0.160529</td>\n",
       "      <td>0.079461</td>\n",
       "      <td>0.574832</td>\n",
       "      <td>0.529102</td>\n",
       "      <td>0.502158</td>\n",
       "      <td>0.102789</td>\n",
       "      <td>0.444784</td>\n",
       "      <td>-0.247065</td>\n",
       "      <td>-0.160389</td>\n",
       "      <td>0.660668</td>\n",
       "    </tr>\n",
       "    <tr>\n",
       "      <th>FG</th>\n",
       "      <td>0.526213</td>\n",
       "      <td>1.000000</td>\n",
       "      <td>0.823462</td>\n",
       "      <td>0.064445</td>\n",
       "      <td>0.402498</td>\n",
       "      <td>0.722956</td>\n",
       "      <td>0.558281</td>\n",
       "      <td>-0.054891</td>\n",
       "      <td>0.069958</td>\n",
       "      <td>0.145195</td>\n",
       "      <td>0.551955</td>\n",
       "      <td>0.540081</td>\n",
       "      <td>0.727866</td>\n",
       "      <td>0.217170</td>\n",
       "      <td>0.404850</td>\n",
       "      <td>0.003482</td>\n",
       "      <td>-0.089237</td>\n",
       "      <td>0.816435</td>\n",
       "    </tr>\n",
       "    <tr>\n",
       "      <th>FG%</th>\n",
       "      <td>0.610524</td>\n",
       "      <td>0.823462</td>\n",
       "      <td>1.000000</td>\n",
       "      <td>-0.024632</td>\n",
       "      <td>0.544866</td>\n",
       "      <td>0.649120</td>\n",
       "      <td>0.672242</td>\n",
       "      <td>0.020001</td>\n",
       "      <td>0.239741</td>\n",
       "      <td>-0.266449</td>\n",
       "      <td>0.514181</td>\n",
       "      <td>0.316327</td>\n",
       "      <td>0.786196</td>\n",
       "      <td>0.148078</td>\n",
       "      <td>0.479709</td>\n",
       "      <td>0.004674</td>\n",
       "      <td>-0.139680</td>\n",
       "      <td>0.670731</td>\n",
       "    </tr>\n",
       "    <tr>\n",
       "      <th>3P</th>\n",
       "      <td>0.484206</td>\n",
       "      <td>0.064445</td>\n",
       "      <td>-0.024632</td>\n",
       "      <td>1.000000</td>\n",
       "      <td>0.068783</td>\n",
       "      <td>-0.642867</td>\n",
       "      <td>0.553752</td>\n",
       "      <td>0.087494</td>\n",
       "      <td>0.035313</td>\n",
       "      <td>0.146456</td>\n",
       "      <td>0.166489</td>\n",
       "      <td>0.210644</td>\n",
       "      <td>0.096571</td>\n",
       "      <td>0.117374</td>\n",
       "      <td>0.210320</td>\n",
       "      <td>0.010740</td>\n",
       "      <td>0.132245</td>\n",
       "      <td>0.456556</td>\n",
       "    </tr>\n",
       "    <tr>\n",
       "      <th>3P%</th>\n",
       "      <td>0.541594</td>\n",
       "      <td>0.402498</td>\n",
       "      <td>0.544866</td>\n",
       "      <td>0.068783</td>\n",
       "      <td>1.000000</td>\n",
       "      <td>0.261326</td>\n",
       "      <td>0.045875</td>\n",
       "      <td>0.073897</td>\n",
       "      <td>0.418553</td>\n",
       "      <td>-0.152974</td>\n",
       "      <td>0.248013</td>\n",
       "      <td>0.141208</td>\n",
       "      <td>0.284361</td>\n",
       "      <td>-0.165131</td>\n",
       "      <td>0.053099</td>\n",
       "      <td>-0.370836</td>\n",
       "      <td>-0.180262</td>\n",
       "      <td>0.384126</td>\n",
       "    </tr>\n",
       "    <tr>\n",
       "      <th>2P</th>\n",
       "      <td>0.068675</td>\n",
       "      <td>0.722956</td>\n",
       "      <td>0.649120</td>\n",
       "      <td>-0.642867</td>\n",
       "      <td>0.261326</td>\n",
       "      <td>1.000000</td>\n",
       "      <td>0.045141</td>\n",
       "      <td>-0.102709</td>\n",
       "      <td>0.029250</td>\n",
       "      <td>0.010052</td>\n",
       "      <td>0.308400</td>\n",
       "      <td>0.268716</td>\n",
       "      <td>0.491831</td>\n",
       "      <td>0.085432</td>\n",
       "      <td>0.165140</td>\n",
       "      <td>-0.004763</td>\n",
       "      <td>-0.160053</td>\n",
       "      <td>0.310584</td>\n",
       "    </tr>\n",
       "    <tr>\n",
       "      <th>2P%</th>\n",
       "      <td>0.600812</td>\n",
       "      <td>0.558281</td>\n",
       "      <td>0.672242</td>\n",
       "      <td>0.553752</td>\n",
       "      <td>0.045875</td>\n",
       "      <td>0.045141</td>\n",
       "      <td>1.000000</td>\n",
       "      <td>0.084429</td>\n",
       "      <td>0.065956</td>\n",
       "      <td>-0.187478</td>\n",
       "      <td>0.440939</td>\n",
       "      <td>0.290341</td>\n",
       "      <td>0.625366</td>\n",
       "      <td>0.286007</td>\n",
       "      <td>0.558330</td>\n",
       "      <td>0.197324</td>\n",
       "      <td>0.032021</td>\n",
       "      <td>0.693879</td>\n",
       "    </tr>\n",
       "    <tr>\n",
       "      <th>FT</th>\n",
       "      <td>0.129135</td>\n",
       "      <td>-0.054891</td>\n",
       "      <td>0.020001</td>\n",
       "      <td>0.087494</td>\n",
       "      <td>0.073897</td>\n",
       "      <td>-0.102709</td>\n",
       "      <td>0.084429</td>\n",
       "      <td>1.000000</td>\n",
       "      <td>0.212964</td>\n",
       "      <td>0.046521</td>\n",
       "      <td>0.127892</td>\n",
       "      <td>0.131129</td>\n",
       "      <td>-0.153955</td>\n",
       "      <td>-0.118126</td>\n",
       "      <td>0.004738</td>\n",
       "      <td>0.172333</td>\n",
       "      <td>0.384182</td>\n",
       "      <td>0.401576</td>\n",
       "    </tr>\n",
       "    <tr>\n",
       "      <th>FT%</th>\n",
       "      <td>0.160529</td>\n",
       "      <td>0.069958</td>\n",
       "      <td>0.239741</td>\n",
       "      <td>0.035313</td>\n",
       "      <td>0.418553</td>\n",
       "      <td>0.029250</td>\n",
       "      <td>0.065956</td>\n",
       "      <td>0.212964</td>\n",
       "      <td>1.000000</td>\n",
       "      <td>-0.401457</td>\n",
       "      <td>-0.105912</td>\n",
       "      <td>-0.277355</td>\n",
       "      <td>-0.047603</td>\n",
       "      <td>-0.219481</td>\n",
       "      <td>-0.040631</td>\n",
       "      <td>-0.469637</td>\n",
       "      <td>-0.246996</td>\n",
       "      <td>0.158237</td>\n",
       "    </tr>\n",
       "    <tr>\n",
       "      <th>ORB</th>\n",
       "      <td>0.079461</td>\n",
       "      <td>0.145195</td>\n",
       "      <td>-0.266449</td>\n",
       "      <td>0.146456</td>\n",
       "      <td>-0.152974</td>\n",
       "      <td>0.010052</td>\n",
       "      <td>-0.187478</td>\n",
       "      <td>0.046521</td>\n",
       "      <td>-0.401457</td>\n",
       "      <td>1.000000</td>\n",
       "      <td>0.063742</td>\n",
       "      <td>0.519572</td>\n",
       "      <td>-0.036913</td>\n",
       "      <td>0.006602</td>\n",
       "      <td>-0.182434</td>\n",
       "      <td>0.153057</td>\n",
       "      <td>0.217163</td>\n",
       "      <td>0.191531</td>\n",
       "    </tr>\n",
       "    <tr>\n",
       "      <th>DRB</th>\n",
       "      <td>0.574832</td>\n",
       "      <td>0.551955</td>\n",
       "      <td>0.514181</td>\n",
       "      <td>0.166489</td>\n",
       "      <td>0.248013</td>\n",
       "      <td>0.308400</td>\n",
       "      <td>0.440939</td>\n",
       "      <td>0.127892</td>\n",
       "      <td>-0.105912</td>\n",
       "      <td>0.063742</td>\n",
       "      <td>1.000000</td>\n",
       "      <td>0.885808</td>\n",
       "      <td>0.463270</td>\n",
       "      <td>-0.270270</td>\n",
       "      <td>0.506351</td>\n",
       "      <td>0.130830</td>\n",
       "      <td>-0.214313</td>\n",
       "      <td>0.564298</td>\n",
       "    </tr>\n",
       "    <tr>\n",
       "      <th>TRB</th>\n",
       "      <td>0.529102</td>\n",
       "      <td>0.540081</td>\n",
       "      <td>0.316327</td>\n",
       "      <td>0.210644</td>\n",
       "      <td>0.141208</td>\n",
       "      <td>0.268716</td>\n",
       "      <td>0.290341</td>\n",
       "      <td>0.131129</td>\n",
       "      <td>-0.277355</td>\n",
       "      <td>0.519572</td>\n",
       "      <td>0.885808</td>\n",
       "      <td>1.000000</td>\n",
       "      <td>0.379473</td>\n",
       "      <td>-0.228327</td>\n",
       "      <td>0.348690</td>\n",
       "      <td>0.183183</td>\n",
       "      <td>-0.082508</td>\n",
       "      <td>0.572196</td>\n",
       "    </tr>\n",
       "    <tr>\n",
       "      <th>AST</th>\n",
       "      <td>0.502158</td>\n",
       "      <td>0.727866</td>\n",
       "      <td>0.786196</td>\n",
       "      <td>0.096571</td>\n",
       "      <td>0.284361</td>\n",
       "      <td>0.491831</td>\n",
       "      <td>0.625366</td>\n",
       "      <td>-0.153955</td>\n",
       "      <td>-0.047603</td>\n",
       "      <td>-0.036913</td>\n",
       "      <td>0.463270</td>\n",
       "      <td>0.379473</td>\n",
       "      <td>1.000000</td>\n",
       "      <td>0.259885</td>\n",
       "      <td>0.555664</td>\n",
       "      <td>0.177554</td>\n",
       "      <td>-0.055471</td>\n",
       "      <td>0.565305</td>\n",
       "    </tr>\n",
       "    <tr>\n",
       "      <th>STL</th>\n",
       "      <td>0.102789</td>\n",
       "      <td>0.217170</td>\n",
       "      <td>0.148078</td>\n",
       "      <td>0.117374</td>\n",
       "      <td>-0.165131</td>\n",
       "      <td>0.085432</td>\n",
       "      <td>0.286007</td>\n",
       "      <td>-0.118126</td>\n",
       "      <td>-0.219481</td>\n",
       "      <td>0.006602</td>\n",
       "      <td>-0.270270</td>\n",
       "      <td>-0.228327</td>\n",
       "      <td>0.259885</td>\n",
       "      <td>1.000000</td>\n",
       "      <td>0.353567</td>\n",
       "      <td>0.165973</td>\n",
       "      <td>0.425770</td>\n",
       "      <td>0.171338</td>\n",
       "    </tr>\n",
       "    <tr>\n",
       "      <th>BLK</th>\n",
       "      <td>0.444784</td>\n",
       "      <td>0.404850</td>\n",
       "      <td>0.479709</td>\n",
       "      <td>0.210320</td>\n",
       "      <td>0.053099</td>\n",
       "      <td>0.165140</td>\n",
       "      <td>0.558330</td>\n",
       "      <td>0.004738</td>\n",
       "      <td>-0.040631</td>\n",
       "      <td>-0.182434</td>\n",
       "      <td>0.506351</td>\n",
       "      <td>0.348690</td>\n",
       "      <td>0.555664</td>\n",
       "      <td>0.353567</td>\n",
       "      <td>1.000000</td>\n",
       "      <td>0.191858</td>\n",
       "      <td>0.077429</td>\n",
       "      <td>0.409453</td>\n",
       "    </tr>\n",
       "    <tr>\n",
       "      <th>TOV</th>\n",
       "      <td>-0.247065</td>\n",
       "      <td>0.003482</td>\n",
       "      <td>0.004674</td>\n",
       "      <td>0.010740</td>\n",
       "      <td>-0.370836</td>\n",
       "      <td>-0.004763</td>\n",
       "      <td>0.197324</td>\n",
       "      <td>0.172333</td>\n",
       "      <td>-0.469637</td>\n",
       "      <td>0.153057</td>\n",
       "      <td>0.130830</td>\n",
       "      <td>0.183183</td>\n",
       "      <td>0.177554</td>\n",
       "      <td>0.165973</td>\n",
       "      <td>0.191858</td>\n",
       "      <td>1.000000</td>\n",
       "      <td>0.678648</td>\n",
       "      <td>0.078163</td>\n",
       "    </tr>\n",
       "    <tr>\n",
       "      <th>PF</th>\n",
       "      <td>-0.160389</td>\n",
       "      <td>-0.089237</td>\n",
       "      <td>-0.139680</td>\n",
       "      <td>0.132245</td>\n",
       "      <td>-0.180262</td>\n",
       "      <td>-0.160053</td>\n",
       "      <td>0.032021</td>\n",
       "      <td>0.384182</td>\n",
       "      <td>-0.246996</td>\n",
       "      <td>0.217163</td>\n",
       "      <td>-0.214313</td>\n",
       "      <td>-0.082508</td>\n",
       "      <td>-0.055471</td>\n",
       "      <td>0.425770</td>\n",
       "      <td>0.077429</td>\n",
       "      <td>0.678648</td>\n",
       "      <td>1.000000</td>\n",
       "      <td>0.134979</td>\n",
       "    </tr>\n",
       "    <tr>\n",
       "      <th>PTS</th>\n",
       "      <td>0.660668</td>\n",
       "      <td>0.816435</td>\n",
       "      <td>0.670731</td>\n",
       "      <td>0.456556</td>\n",
       "      <td>0.384126</td>\n",
       "      <td>0.310584</td>\n",
       "      <td>0.693879</td>\n",
       "      <td>0.401576</td>\n",
       "      <td>0.158237</td>\n",
       "      <td>0.191531</td>\n",
       "      <td>0.564298</td>\n",
       "      <td>0.572196</td>\n",
       "      <td>0.565305</td>\n",
       "      <td>0.171338</td>\n",
       "      <td>0.409453</td>\n",
       "      <td>0.078163</td>\n",
       "      <td>0.134979</td>\n",
       "      <td>1.000000</td>\n",
       "    </tr>\n",
       "  </tbody>\n",
       "</table>\n",
       "</div>"
      ],
      "text/plain": [
       "          W/L%        FG       FG%        3P       3P%        2P       2P%  \\\n",
       "W/L%  1.000000  0.526213  0.610524  0.484206  0.541594  0.068675  0.600812   \n",
       "FG    0.526213  1.000000  0.823462  0.064445  0.402498  0.722956  0.558281   \n",
       "FG%   0.610524  0.823462  1.000000 -0.024632  0.544866  0.649120  0.672242   \n",
       "3P    0.484206  0.064445 -0.024632  1.000000  0.068783 -0.642867  0.553752   \n",
       "3P%   0.541594  0.402498  0.544866  0.068783  1.000000  0.261326  0.045875   \n",
       "2P    0.068675  0.722956  0.649120 -0.642867  0.261326  1.000000  0.045141   \n",
       "2P%   0.600812  0.558281  0.672242  0.553752  0.045875  0.045141  1.000000   \n",
       "FT    0.129135 -0.054891  0.020001  0.087494  0.073897 -0.102709  0.084429   \n",
       "FT%   0.160529  0.069958  0.239741  0.035313  0.418553  0.029250  0.065956   \n",
       "ORB   0.079461  0.145195 -0.266449  0.146456 -0.152974  0.010052 -0.187478   \n",
       "DRB   0.574832  0.551955  0.514181  0.166489  0.248013  0.308400  0.440939   \n",
       "TRB   0.529102  0.540081  0.316327  0.210644  0.141208  0.268716  0.290341   \n",
       "AST   0.502158  0.727866  0.786196  0.096571  0.284361  0.491831  0.625366   \n",
       "STL   0.102789  0.217170  0.148078  0.117374 -0.165131  0.085432  0.286007   \n",
       "BLK   0.444784  0.404850  0.479709  0.210320  0.053099  0.165140  0.558330   \n",
       "TOV  -0.247065  0.003482  0.004674  0.010740 -0.370836 -0.004763  0.197324   \n",
       "PF   -0.160389 -0.089237 -0.139680  0.132245 -0.180262 -0.160053  0.032021   \n",
       "PTS   0.660668  0.816435  0.670731  0.456556  0.384126  0.310584  0.693879   \n",
       "\n",
       "            FT       FT%       ORB       DRB       TRB       AST       STL  \\\n",
       "W/L%  0.129135  0.160529  0.079461  0.574832  0.529102  0.502158  0.102789   \n",
       "FG   -0.054891  0.069958  0.145195  0.551955  0.540081  0.727866  0.217170   \n",
       "FG%   0.020001  0.239741 -0.266449  0.514181  0.316327  0.786196  0.148078   \n",
       "3P    0.087494  0.035313  0.146456  0.166489  0.210644  0.096571  0.117374   \n",
       "3P%   0.073897  0.418553 -0.152974  0.248013  0.141208  0.284361 -0.165131   \n",
       "2P   -0.102709  0.029250  0.010052  0.308400  0.268716  0.491831  0.085432   \n",
       "2P%   0.084429  0.065956 -0.187478  0.440939  0.290341  0.625366  0.286007   \n",
       "FT    1.000000  0.212964  0.046521  0.127892  0.131129 -0.153955 -0.118126   \n",
       "FT%   0.212964  1.000000 -0.401457 -0.105912 -0.277355 -0.047603 -0.219481   \n",
       "ORB   0.046521 -0.401457  1.000000  0.063742  0.519572 -0.036913  0.006602   \n",
       "DRB   0.127892 -0.105912  0.063742  1.000000  0.885808  0.463270 -0.270270   \n",
       "TRB   0.131129 -0.277355  0.519572  0.885808  1.000000  0.379473 -0.228327   \n",
       "AST  -0.153955 -0.047603 -0.036913  0.463270  0.379473  1.000000  0.259885   \n",
       "STL  -0.118126 -0.219481  0.006602 -0.270270 -0.228327  0.259885  1.000000   \n",
       "BLK   0.004738 -0.040631 -0.182434  0.506351  0.348690  0.555664  0.353567   \n",
       "TOV   0.172333 -0.469637  0.153057  0.130830  0.183183  0.177554  0.165973   \n",
       "PF    0.384182 -0.246996  0.217163 -0.214313 -0.082508 -0.055471  0.425770   \n",
       "PTS   0.401576  0.158237  0.191531  0.564298  0.572196  0.565305  0.171338   \n",
       "\n",
       "           BLK       TOV        PF       PTS  \n",
       "W/L%  0.444784 -0.247065 -0.160389  0.660668  \n",
       "FG    0.404850  0.003482 -0.089237  0.816435  \n",
       "FG%   0.479709  0.004674 -0.139680  0.670731  \n",
       "3P    0.210320  0.010740  0.132245  0.456556  \n",
       "3P%   0.053099 -0.370836 -0.180262  0.384126  \n",
       "2P    0.165140 -0.004763 -0.160053  0.310584  \n",
       "2P%   0.558330  0.197324  0.032021  0.693879  \n",
       "FT    0.004738  0.172333  0.384182  0.401576  \n",
       "FT%  -0.040631 -0.469637 -0.246996  0.158237  \n",
       "ORB  -0.182434  0.153057  0.217163  0.191531  \n",
       "DRB   0.506351  0.130830 -0.214313  0.564298  \n",
       "TRB   0.348690  0.183183 -0.082508  0.572196  \n",
       "AST   0.555664  0.177554 -0.055471  0.565305  \n",
       "STL   0.353567  0.165973  0.425770  0.171338  \n",
       "BLK   1.000000  0.191858  0.077429  0.409453  \n",
       "TOV   0.191858  1.000000  0.678648  0.078163  \n",
       "PF    0.077429  0.678648  1.000000  0.134979  \n",
       "PTS   0.409453  0.078163  0.134979  1.000000  "
      ]
     },
     "execution_count": 28,
     "metadata": {},
     "output_type": "execute_result"
    }
   ],
   "source": [
    "team_cor = team.corr()\n",
    "team_cor"
   ]
  },
  {
   "cell_type": "markdown",
   "metadata": {},
   "source": [
    "I also did the same for teams’ opponents’ stats to see if there was also a correlation."
   ]
  },
  {
   "cell_type": "code",
   "execution_count": 29,
   "metadata": {},
   "outputs": [
    {
     "data": {
      "text/html": [
       "<div>\n",
       "<style scoped>\n",
       "    .dataframe tbody tr th:only-of-type {\n",
       "        vertical-align: middle;\n",
       "    }\n",
       "\n",
       "    .dataframe tbody tr th {\n",
       "        vertical-align: top;\n",
       "    }\n",
       "\n",
       "    .dataframe thead th {\n",
       "        text-align: right;\n",
       "    }\n",
       "</style>\n",
       "<table border=\"1\" class=\"dataframe\">\n",
       "  <thead>\n",
       "    <tr style=\"text-align: right;\">\n",
       "      <th></th>\n",
       "      <th>Opp W/L %</th>\n",
       "      <th>Opp FG</th>\n",
       "      <th>Opp FG%</th>\n",
       "      <th>Opp 3P</th>\n",
       "      <th>Opp 3P%</th>\n",
       "      <th>Opp 2P</th>\n",
       "      <th>Opp 2P%</th>\n",
       "      <th>Opp FT</th>\n",
       "      <th>Opp ORB</th>\n",
       "      <th>Opp DRB</th>\n",
       "      <th>Opp TRB</th>\n",
       "      <th>Opp AST</th>\n",
       "      <th>Opp STL</th>\n",
       "      <th>Opp BLK</th>\n",
       "      <th>Opp TOV</th>\n",
       "      <th>Opp PF</th>\n",
       "      <th>Opp PTS</th>\n",
       "    </tr>\n",
       "  </thead>\n",
       "  <tbody>\n",
       "    <tr>\n",
       "      <th>Opp W/L %</th>\n",
       "      <td>1.000000</td>\n",
       "      <td>-0.473974</td>\n",
       "      <td>-0.712889</td>\n",
       "      <td>-0.345275</td>\n",
       "      <td>-0.614545</td>\n",
       "      <td>-0.273024</td>\n",
       "      <td>-0.661462</td>\n",
       "      <td>-0.248621</td>\n",
       "      <td>-0.208462</td>\n",
       "      <td>-0.547963</td>\n",
       "      <td>-0.519577</td>\n",
       "      <td>-0.555097</td>\n",
       "      <td>-0.215686</td>\n",
       "      <td>-0.502460</td>\n",
       "      <td>-0.035586</td>\n",
       "      <td>0.018005</td>\n",
       "      <td>-0.541750</td>\n",
       "    </tr>\n",
       "    <tr>\n",
       "      <th>Opp FG</th>\n",
       "      <td>-0.473974</td>\n",
       "      <td>1.000000</td>\n",
       "      <td>0.679285</td>\n",
       "      <td>0.317011</td>\n",
       "      <td>0.413860</td>\n",
       "      <td>0.822672</td>\n",
       "      <td>0.610681</td>\n",
       "      <td>0.186778</td>\n",
       "      <td>0.475807</td>\n",
       "      <td>0.385565</td>\n",
       "      <td>0.539477</td>\n",
       "      <td>0.682630</td>\n",
       "      <td>0.286768</td>\n",
       "      <td>0.399616</td>\n",
       "      <td>-0.138642</td>\n",
       "      <td>0.160569</td>\n",
       "      <td>0.915452</td>\n",
       "    </tr>\n",
       "    <tr>\n",
       "      <th>Opp FG%</th>\n",
       "      <td>-0.712889</td>\n",
       "      <td>0.679285</td>\n",
       "      <td>1.000000</td>\n",
       "      <td>0.095032</td>\n",
       "      <td>0.527876</td>\n",
       "      <td>0.630945</td>\n",
       "      <td>0.939703</td>\n",
       "      <td>0.181789</td>\n",
       "      <td>0.164709</td>\n",
       "      <td>0.311112</td>\n",
       "      <td>0.319485</td>\n",
       "      <td>0.576421</td>\n",
       "      <td>0.138074</td>\n",
       "      <td>0.447103</td>\n",
       "      <td>0.042973</td>\n",
       "      <td>-0.009341</td>\n",
       "      <td>0.616226</td>\n",
       "    </tr>\n",
       "    <tr>\n",
       "      <th>Opp 3P</th>\n",
       "      <td>-0.345275</td>\n",
       "      <td>0.317011</td>\n",
       "      <td>0.095032</td>\n",
       "      <td>1.000000</td>\n",
       "      <td>0.633041</td>\n",
       "      <td>-0.278398</td>\n",
       "      <td>0.128909</td>\n",
       "      <td>-0.141789</td>\n",
       "      <td>0.266662</td>\n",
       "      <td>0.414690</td>\n",
       "      <td>0.450743</td>\n",
       "      <td>0.709264</td>\n",
       "      <td>-0.072281</td>\n",
       "      <td>0.226771</td>\n",
       "      <td>0.116520</td>\n",
       "      <td>-0.240226</td>\n",
       "      <td>0.415334</td>\n",
       "    </tr>\n",
       "    <tr>\n",
       "      <th>Opp 3P%</th>\n",
       "      <td>-0.614545</td>\n",
       "      <td>0.413860</td>\n",
       "      <td>0.527876</td>\n",
       "      <td>0.633041</td>\n",
       "      <td>1.000000</td>\n",
       "      <td>0.039649</td>\n",
       "      <td>0.327827</td>\n",
       "      <td>-0.098900</td>\n",
       "      <td>0.097796</td>\n",
       "      <td>0.244264</td>\n",
       "      <td>0.234184</td>\n",
       "      <td>0.583201</td>\n",
       "      <td>-0.026690</td>\n",
       "      <td>0.398313</td>\n",
       "      <td>0.051794</td>\n",
       "      <td>-0.176827</td>\n",
       "      <td>0.423290</td>\n",
       "    </tr>\n",
       "    <tr>\n",
       "      <th>Opp 2P</th>\n",
       "      <td>-0.273024</td>\n",
       "      <td>0.822672</td>\n",
       "      <td>0.630945</td>\n",
       "      <td>-0.278398</td>\n",
       "      <td>0.039649</td>\n",
       "      <td>1.000000</td>\n",
       "      <td>0.541164</td>\n",
       "      <td>0.274143</td>\n",
       "      <td>0.322002</td>\n",
       "      <td>0.141881</td>\n",
       "      <td>0.276136</td>\n",
       "      <td>0.266142</td>\n",
       "      <td>0.333737</td>\n",
       "      <td>0.268756</td>\n",
       "      <td>-0.210249</td>\n",
       "      <td>0.306608</td>\n",
       "      <td>0.678112</td>\n",
       "    </tr>\n",
       "    <tr>\n",
       "      <th>Opp 2P%</th>\n",
       "      <td>-0.661462</td>\n",
       "      <td>0.610681</td>\n",
       "      <td>0.939703</td>\n",
       "      <td>0.128909</td>\n",
       "      <td>0.327827</td>\n",
       "      <td>0.541164</td>\n",
       "      <td>1.000000</td>\n",
       "      <td>0.199759</td>\n",
       "      <td>0.181163</td>\n",
       "      <td>0.374332</td>\n",
       "      <td>0.375416</td>\n",
       "      <td>0.595924</td>\n",
       "      <td>0.117161</td>\n",
       "      <td>0.390645</td>\n",
       "      <td>0.103129</td>\n",
       "      <td>-0.042928</td>\n",
       "      <td>0.578287</td>\n",
       "    </tr>\n",
       "    <tr>\n",
       "      <th>Opp FT</th>\n",
       "      <td>-0.248621</td>\n",
       "      <td>0.186778</td>\n",
       "      <td>0.181789</td>\n",
       "      <td>-0.141789</td>\n",
       "      <td>-0.098900</td>\n",
       "      <td>0.274143</td>\n",
       "      <td>0.199759</td>\n",
       "      <td>1.000000</td>\n",
       "      <td>0.512680</td>\n",
       "      <td>0.140232</td>\n",
       "      <td>0.375644</td>\n",
       "      <td>0.142041</td>\n",
       "      <td>0.705321</td>\n",
       "      <td>0.113622</td>\n",
       "      <td>0.382743</td>\n",
       "      <td>0.489528</td>\n",
       "      <td>0.507728</td>\n",
       "    </tr>\n",
       "    <tr>\n",
       "      <th>Opp ORB</th>\n",
       "      <td>-0.208462</td>\n",
       "      <td>0.475807</td>\n",
       "      <td>0.164709</td>\n",
       "      <td>0.266662</td>\n",
       "      <td>0.097796</td>\n",
       "      <td>0.322002</td>\n",
       "      <td>0.181163</td>\n",
       "      <td>0.512680</td>\n",
       "      <td>1.000000</td>\n",
       "      <td>0.205888</td>\n",
       "      <td>0.682164</td>\n",
       "      <td>0.482377</td>\n",
       "      <td>0.339430</td>\n",
       "      <td>0.211294</td>\n",
       "      <td>0.390961</td>\n",
       "      <td>0.221124</td>\n",
       "      <td>0.629916</td>\n",
       "    </tr>\n",
       "    <tr>\n",
       "      <th>Opp DRB</th>\n",
       "      <td>-0.547963</td>\n",
       "      <td>0.385565</td>\n",
       "      <td>0.311112</td>\n",
       "      <td>0.414690</td>\n",
       "      <td>0.244264</td>\n",
       "      <td>0.141881</td>\n",
       "      <td>0.374332</td>\n",
       "      <td>0.140232</td>\n",
       "      <td>0.205888</td>\n",
       "      <td>1.000000</td>\n",
       "      <td>0.855983</td>\n",
       "      <td>0.425758</td>\n",
       "      <td>0.040337</td>\n",
       "      <td>0.280862</td>\n",
       "      <td>0.285248</td>\n",
       "      <td>-0.052795</td>\n",
       "      <td>0.446586</td>\n",
       "    </tr>\n",
       "    <tr>\n",
       "      <th>Opp TRB</th>\n",
       "      <td>-0.519577</td>\n",
       "      <td>0.539477</td>\n",
       "      <td>0.319485</td>\n",
       "      <td>0.450743</td>\n",
       "      <td>0.234184</td>\n",
       "      <td>0.276136</td>\n",
       "      <td>0.375416</td>\n",
       "      <td>0.375644</td>\n",
       "      <td>0.682164</td>\n",
       "      <td>0.855983</td>\n",
       "      <td>1.000000</td>\n",
       "      <td>0.572980</td>\n",
       "      <td>0.209469</td>\n",
       "      <td>0.321494</td>\n",
       "      <td>0.419693</td>\n",
       "      <td>0.077376</td>\n",
       "      <td>0.666492</td>\n",
       "    </tr>\n",
       "    <tr>\n",
       "      <th>Opp AST</th>\n",
       "      <td>-0.555097</td>\n",
       "      <td>0.682630</td>\n",
       "      <td>0.576421</td>\n",
       "      <td>0.709264</td>\n",
       "      <td>0.583201</td>\n",
       "      <td>0.266142</td>\n",
       "      <td>0.595924</td>\n",
       "      <td>0.142041</td>\n",
       "      <td>0.482377</td>\n",
       "      <td>0.425758</td>\n",
       "      <td>0.572980</td>\n",
       "      <td>1.000000</td>\n",
       "      <td>0.205697</td>\n",
       "      <td>0.473967</td>\n",
       "      <td>0.179037</td>\n",
       "      <td>-0.037148</td>\n",
       "      <td>0.742887</td>\n",
       "    </tr>\n",
       "    <tr>\n",
       "      <th>Opp STL</th>\n",
       "      <td>-0.215686</td>\n",
       "      <td>0.286768</td>\n",
       "      <td>0.138074</td>\n",
       "      <td>-0.072281</td>\n",
       "      <td>-0.026690</td>\n",
       "      <td>0.333737</td>\n",
       "      <td>0.117161</td>\n",
       "      <td>0.705321</td>\n",
       "      <td>0.339430</td>\n",
       "      <td>0.040337</td>\n",
       "      <td>0.209469</td>\n",
       "      <td>0.205697</td>\n",
       "      <td>1.000000</td>\n",
       "      <td>0.115749</td>\n",
       "      <td>0.268842</td>\n",
       "      <td>0.469262</td>\n",
       "      <td>0.483680</td>\n",
       "    </tr>\n",
       "    <tr>\n",
       "      <th>Opp BLK</th>\n",
       "      <td>-0.502460</td>\n",
       "      <td>0.399616</td>\n",
       "      <td>0.447103</td>\n",
       "      <td>0.226771</td>\n",
       "      <td>0.398313</td>\n",
       "      <td>0.268756</td>\n",
       "      <td>0.390645</td>\n",
       "      <td>0.113622</td>\n",
       "      <td>0.211294</td>\n",
       "      <td>0.280862</td>\n",
       "      <td>0.321494</td>\n",
       "      <td>0.473967</td>\n",
       "      <td>0.115749</td>\n",
       "      <td>1.000000</td>\n",
       "      <td>-0.010274</td>\n",
       "      <td>0.254144</td>\n",
       "      <td>0.404066</td>\n",
       "    </tr>\n",
       "    <tr>\n",
       "      <th>Opp TOV</th>\n",
       "      <td>-0.035586</td>\n",
       "      <td>-0.138642</td>\n",
       "      <td>0.042973</td>\n",
       "      <td>0.116520</td>\n",
       "      <td>0.051794</td>\n",
       "      <td>-0.210249</td>\n",
       "      <td>0.103129</td>\n",
       "      <td>0.382743</td>\n",
       "      <td>0.390961</td>\n",
       "      <td>0.285248</td>\n",
       "      <td>0.419693</td>\n",
       "      <td>0.179037</td>\n",
       "      <td>0.268842</td>\n",
       "      <td>-0.010274</td>\n",
       "      <td>1.000000</td>\n",
       "      <td>0.151372</td>\n",
       "      <td>0.071569</td>\n",
       "    </tr>\n",
       "    <tr>\n",
       "      <th>Opp PF</th>\n",
       "      <td>0.018005</td>\n",
       "      <td>0.160569</td>\n",
       "      <td>-0.009341</td>\n",
       "      <td>-0.240226</td>\n",
       "      <td>-0.176827</td>\n",
       "      <td>0.306608</td>\n",
       "      <td>-0.042928</td>\n",
       "      <td>0.489528</td>\n",
       "      <td>0.221124</td>\n",
       "      <td>-0.052795</td>\n",
       "      <td>0.077376</td>\n",
       "      <td>-0.037148</td>\n",
       "      <td>0.469262</td>\n",
       "      <td>0.254144</td>\n",
       "      <td>0.151372</td>\n",
       "      <td>1.000000</td>\n",
       "      <td>0.262841</td>\n",
       "    </tr>\n",
       "    <tr>\n",
       "      <th>Opp PTS</th>\n",
       "      <td>-0.541750</td>\n",
       "      <td>0.915452</td>\n",
       "      <td>0.616226</td>\n",
       "      <td>0.415334</td>\n",
       "      <td>0.423290</td>\n",
       "      <td>0.678112</td>\n",
       "      <td>0.578287</td>\n",
       "      <td>0.507728</td>\n",
       "      <td>0.629916</td>\n",
       "      <td>0.446586</td>\n",
       "      <td>0.666492</td>\n",
       "      <td>0.742887</td>\n",
       "      <td>0.483680</td>\n",
       "      <td>0.404066</td>\n",
       "      <td>0.071569</td>\n",
       "      <td>0.262841</td>\n",
       "      <td>1.000000</td>\n",
       "    </tr>\n",
       "  </tbody>\n",
       "</table>\n",
       "</div>"
      ],
      "text/plain": [
       "           Opp W/L %    Opp FG   Opp FG%    Opp 3P   Opp 3P%    Opp 2P  \\\n",
       "Opp W/L %   1.000000 -0.473974 -0.712889 -0.345275 -0.614545 -0.273024   \n",
       " Opp FG    -0.473974  1.000000  0.679285  0.317011  0.413860  0.822672   \n",
       "Opp FG%    -0.712889  0.679285  1.000000  0.095032  0.527876  0.630945   \n",
       "Opp 3P     -0.345275  0.317011  0.095032  1.000000  0.633041 -0.278398   \n",
       "Opp 3P%    -0.614545  0.413860  0.527876  0.633041  1.000000  0.039649   \n",
       "Opp 2P     -0.273024  0.822672  0.630945 -0.278398  0.039649  1.000000   \n",
       "Opp 2P%    -0.661462  0.610681  0.939703  0.128909  0.327827  0.541164   \n",
       "Opp FT     -0.248621  0.186778  0.181789 -0.141789 -0.098900  0.274143   \n",
       "Opp ORB    -0.208462  0.475807  0.164709  0.266662  0.097796  0.322002   \n",
       "Opp DRB    -0.547963  0.385565  0.311112  0.414690  0.244264  0.141881   \n",
       "Opp TRB    -0.519577  0.539477  0.319485  0.450743  0.234184  0.276136   \n",
       "Opp AST    -0.555097  0.682630  0.576421  0.709264  0.583201  0.266142   \n",
       "Opp STL    -0.215686  0.286768  0.138074 -0.072281 -0.026690  0.333737   \n",
       "Opp BLK    -0.502460  0.399616  0.447103  0.226771  0.398313  0.268756   \n",
       "Opp TOV    -0.035586 -0.138642  0.042973  0.116520  0.051794 -0.210249   \n",
       "Opp PF      0.018005  0.160569 -0.009341 -0.240226 -0.176827  0.306608   \n",
       "Opp PTS    -0.541750  0.915452  0.616226  0.415334  0.423290  0.678112   \n",
       "\n",
       "            Opp 2P%    Opp FT   Opp ORB   Opp DRB   Opp TRB   Opp AST  \\\n",
       "Opp W/L % -0.661462 -0.248621 -0.208462 -0.547963 -0.519577 -0.555097   \n",
       " Opp FG    0.610681  0.186778  0.475807  0.385565  0.539477  0.682630   \n",
       "Opp FG%    0.939703  0.181789  0.164709  0.311112  0.319485  0.576421   \n",
       "Opp 3P     0.128909 -0.141789  0.266662  0.414690  0.450743  0.709264   \n",
       "Opp 3P%    0.327827 -0.098900  0.097796  0.244264  0.234184  0.583201   \n",
       "Opp 2P     0.541164  0.274143  0.322002  0.141881  0.276136  0.266142   \n",
       "Opp 2P%    1.000000  0.199759  0.181163  0.374332  0.375416  0.595924   \n",
       "Opp FT     0.199759  1.000000  0.512680  0.140232  0.375644  0.142041   \n",
       "Opp ORB    0.181163  0.512680  1.000000  0.205888  0.682164  0.482377   \n",
       "Opp DRB    0.374332  0.140232  0.205888  1.000000  0.855983  0.425758   \n",
       "Opp TRB    0.375416  0.375644  0.682164  0.855983  1.000000  0.572980   \n",
       "Opp AST    0.595924  0.142041  0.482377  0.425758  0.572980  1.000000   \n",
       "Opp STL    0.117161  0.705321  0.339430  0.040337  0.209469  0.205697   \n",
       "Opp BLK    0.390645  0.113622  0.211294  0.280862  0.321494  0.473967   \n",
       "Opp TOV    0.103129  0.382743  0.390961  0.285248  0.419693  0.179037   \n",
       "Opp PF    -0.042928  0.489528  0.221124 -0.052795  0.077376 -0.037148   \n",
       "Opp PTS    0.578287  0.507728  0.629916  0.446586  0.666492  0.742887   \n",
       "\n",
       "            Opp STL   Opp BLK   Opp TOV    Opp PF   Opp PTS  \n",
       "Opp W/L % -0.215686 -0.502460 -0.035586  0.018005 -0.541750  \n",
       " Opp FG    0.286768  0.399616 -0.138642  0.160569  0.915452  \n",
       "Opp FG%    0.138074  0.447103  0.042973 -0.009341  0.616226  \n",
       "Opp 3P    -0.072281  0.226771  0.116520 -0.240226  0.415334  \n",
       "Opp 3P%   -0.026690  0.398313  0.051794 -0.176827  0.423290  \n",
       "Opp 2P     0.333737  0.268756 -0.210249  0.306608  0.678112  \n",
       "Opp 2P%    0.117161  0.390645  0.103129 -0.042928  0.578287  \n",
       "Opp FT     0.705321  0.113622  0.382743  0.489528  0.507728  \n",
       "Opp ORB    0.339430  0.211294  0.390961  0.221124  0.629916  \n",
       "Opp DRB    0.040337  0.280862  0.285248 -0.052795  0.446586  \n",
       "Opp TRB    0.209469  0.321494  0.419693  0.077376  0.666492  \n",
       "Opp AST    0.205697  0.473967  0.179037 -0.037148  0.742887  \n",
       "Opp STL    1.000000  0.115749  0.268842  0.469262  0.483680  \n",
       "Opp BLK    0.115749  1.000000 -0.010274  0.254144  0.404066  \n",
       "Opp TOV    0.268842 -0.010274  1.000000  0.151372  0.071569  \n",
       "Opp PF     0.469262  0.254144  0.151372  1.000000  0.262841  \n",
       "Opp PTS    0.483680  0.404066  0.071569  0.262841  1.000000  "
      ]
     },
     "execution_count": 29,
     "metadata": {},
     "output_type": "execute_result"
    }
   ],
   "source": [
    "opp_cor = opp.corr()\n",
    "opp_cor"
   ]
  },
  {
   "cell_type": "markdown",
   "metadata": {},
   "source": [
    "In Python, I created a correlation matrix for each file, team and opponent, and looked at any correlation with an absolute value above 0.5. I felt anything below that is a weak correlation and isn’t a primary focus on winning basketball games. I used absolute value because there are strong negative correlations, like points opponents score on the team, when it comes to winning. Strong negative correlations are strong correlations too."
   ]
  },
  {
   "cell_type": "code",
   "execution_count": 45,
   "metadata": {},
   "outputs": [
    {
     "name": "stdout",
     "output_type": "stream",
     "text": [
      "Opponent's FG%\n",
      "-0.712889\n"
     ]
    },
    {
     "data": {
